           .0022     .0049     .0204    -.0011    -.0348     .0115     .3494    -.5030
           .0018     .0042     .0180    -.0017    -.0323     .0069     .4124    -.6089
           .0010     .0029     .0140    -.0026    -.0288     .0016     .4481    -.6934
          -.0002     .0013     .0085    -.0037    -.0245    -.0041     .4541    -.7507
          -.0016    -.0006     .0019    -.0049    -.0198    -.0098     .4299    -.7769
          -.0033    -.0026    -.0052    -.0062    -.0148    -.0152     .3773    -.7703
          -.0050    -.0047    -.0125    -.0075    -.0100    -.0197     .2997    -.7313
          -.0066    -.0066    -.0195    -.0087    -.0058    -.0232     .2026    -.6626
          -.0081    -.0082    -.0256    -.0098    -.0023    -.0254     .0924    -.5687
          -.0093    -.0094    -.0304    -.0105     .0002    -.0262    -.0233    -.4562
          -.0101    -.0102    -.0337    -.0110     .0015    -.0254    -.1365    -.3327
          -.0106    -.0105    -.0351    -.0111     .0015    -.0232    -.2396    -.2066
          -.0106    -.0102    -.0347    -.0108     .0002    -.0197    -.3256    -.0865
          -.0102    -.0094    -.0323    -.0103    -.0023    -.0151    -.3886     .0194
          -.0094    -.0082    -.0283    -.0094    -.0058    -.0098    -.4243     .1039
          -.0082    -.0065    -.0228    -.0083    -.0101    -.0040    -.4303     .1612
          -.0067    -.0046    -.0163    -.0071    -.0149     .0017    -.4061     .1875
          -.0051    -.0026    -.0091    -.0057    -.0198     .0070    -.3535     .1809
          -.0034    -.0006    -.0018    -.0044    -.0246     .0116    -.2759     .1419
          -.0018     .0013     .0052    -.0032    -.0289     .0151    -.1788     .0731
          -.0003     .0029     .0113    -.0022    -.0324     .0173    -.0686    -.0207
           .0009     .0042     .0161    -.0015    -.0349     .0180     .0470    -.1333
           .0018     .0050     .0194    -.0010    -.0361     .0173     .1603    -.2568
           .0022     .0052     .0208    -.0009    -.0361     .0151     .2634    -.3829
           .0942    -.0637     .3582     .0156     .1077    -.1266     .0000    5.8369
           .1117    -.0164     .2402     .0157     .1069    -.1189   -2.6029    6.2965
           .1299     .0343     .1344     .0143     .0979    -.0930   -2.5553    6.5530
           .1474     .0850     .0480     .0113     .0814    -.0506   -2.3103    6.5889
           .1631     .1323    -.0131     .0071     .0585     .0054   -1.8847    6.4018
           .1758     .1728    -.0447     .0019     .0307     .0712   -1.3074    6.0044
           .1848     .2039    -.0447    -.0039    -.0001     .1422    -.6178    5.4238
           .1894     .2235    -.0130    -.0099    -.0317     .2137     .1371    4.6995
           .1894     .2301     .0481    -.0158    -.0621     .2808     .9059    3.8810
           .1846     .2234     .1346    -.0211    -.0891     .3388    1.6362    3.0239
           .1754     .2038     .2405    -.0255    -.1109     .3839    2.2782    2.1868
           .1625     .1726     .3585    -.0286    -.1260     .4130    2.7882    1.4266
           .1467     .1320     .4807    -.0303    -.1334     .4241    3.1313     .7952
           .1292     .0847     .5988    -.0304    -.1326     .4164    3.2843     .3355
           .1110     .0340     .7046    -.0289    -.1237     .3905    3.2367     .0790
           .0935    -.0167     .7910    -.0260    -.1071     .3481    2.9917     .0431
           .0778    -.0639     .8521    -.0218    -.0842     .2921    2.5661     .2302
           .0651    -.1045     .8837    -.0166    -.0564     .2263    1.9888     .6277
           .0561    -.1356     .8836    -.0108    -.0256     .1553    1.2992    1.2083
           .0515    -.1552     .8520    -.0047     .0060     .0838     .5443    1.9326
           .0516    -.1618     .7908     .0012     .0364     .0168    -.2245    2.7511
           .0563    -.1551     .7044     .0065     .0634    -.0413    -.9548    3.6082
           .0655    -.1355     .5985     .0108     .0852    -.0864   -1.5968    4.4453
           .0784    -.1043     .4805     .0140     .1003    -.1155   -2.1067    5.2055
